# times total, particle_move, weight_charge, sort, solve, weight_efield
# mpi ranks where mpi_ranks * threads = 16
1  13.9829 4.64642 6.16225 0 0.940497 2.06248
2  12.2781 6.09221 3.25788 0 0.614588 2.17485
4  11.7809 6.02271 2.98393 0 0.590298 2.04635
8  10.7972 5.86206 2.11823 0 0.650632 2.02831
16 8.47118 4.49519 1.31312 0 0.493326 2.03219



# mpi size multi nodes  mpi*threads = 32
2 10.6233 4.18387 3.73178 0 1.52247 1.10084
4 7.25623 3.73098 1.78571 0 0.590214 1.07667
8 7.19431 3.9748 1.54829 0 0.580411 1.01824
16 5.97728 3.0938 1.24692 0 0.551753 1.01313
32 4.52403 2.28278 0.654964 0 0.496525 1.01818

# mpi size multi nodes  mpi*threads = 64
8 4.95213 2.67866 1.07231 0 0.650452 0.511246
16 4.09124 2.07067 0.876522 0 0.597589 0.507384
32 3.313 1.55896 0.624362 0 0.582647 0.508017
64 3.38491 1.96066 0.327678 0 0.548799 0.509108
