# times total, particle_move, weight_charge, sort, solve, weight_efield
# 1 MPI rank  
56 35.3779 15.0538 12.1216 0 4.91229 3.08005
112 25.2382 9.33006 7.44026 0 6.16503 2.17666
168 24.6466 9.08787 5.99333 0 7.29224 2.11252
224 23.7128 7.27199 5.35499 0 9.04612 1.87488

#mpi ranks where mpi_ranks * threads = 224
1 23.7128 7.27199 5.35499 0 9.04612 1.87488
2 26.7082 10.7733 4.74431 0 9.41402 1.62136
4 25.4176 10.5308 4.58818 0 8.77137 1.38745
8 24.2563 10.9182 4.08436 0 7.92223 1.19942
14 32.1998 17.2995 2.90369 0 11.1105 0.813048
28 30.3453 15.6329 2.20951 0 11.686 0.743488
56 26.4102 13.34 1.65671 0 10.6338 0.704931
112 32.9786 14.8945 1.07306 0 16.5031 0.456043


#multi mics W/X-Y/Z is comptonW-micX to comptonY-micZ
15/0-16/0 26.6449 10.3377 4.52071 0 10.4979 1.18539
15/0-15/1 29.4358 11.1314 4.54737 0 12.4822 1.18946
15/1-16/1 29.9698 9.97137 4.82206 0 13.7471 1.32897
15/0-16/1 27.1171 10.1259 4.5717 0 11.1485 1.18244


# using mic0-mic0 parallel MPI ranks  MPI*threads = 448
2 27.2118 9.15934 3.47366 0 13.5654 0.903881
4 28.8896 11.4329 3.06281 0 13.6639 0.655071
8 30.6724 14.6678 3.14623 0 12.2375 0.551044
16 19.4485 5.94411 2.25944 0 10.7113 0.488533
28 26.2303 10.4347 1.50301 0 13.8745 0.378134
